364
348
351
418
412
415
427
447
450
453
456
458
461
463
631
643
664
685
705
716
737
749
770
837
848
877
898
919
922
924
944
956
1233
1244
1274
1286
1297
1317
1337
1348
1563
1574
1594
1624
1626
1629
1649
1679
1681
1683
1685
1935
1947
1967
2006
2044
2055
2075
2087
2236
2247
2267
2288
2300
2302
2304
2324
2344
2621
2632
2653
2673
2684
2686
2706
2735
2986
2989
3009
3038
3039
3041
3053
3073
3195
3215
3234
3263
3274
3275
3295
3305
3556
3548
3577
3588
3607
3609
3637
3667
3669
3671
3673
3675
4081
4101
4129
4158
4196
4198
4219
4230
4471
4509
4520
4549
4551
4553
4555
4583
4869
4880
4899
4919
4921
4940
4960
4971
5211
5222
5242
5261
5263
5283
5294
5304
5379
5399
5419
5439
5449
5451
5471
5482
5585
5614
5634
5663
5665
5667
5678
5689
5892
5893
5914
5934
5954
5956
5976
5996
6162
6163
6183
6203
6232
6243
6253
6264
6266
6350
6361
6381
6428
6439
6459
6469
6480
6601
6602
6640
6668
6670
6671
6691
6711
6722
6870
6880
6900
6920
6930
6941
6960
6989
7119
7138
7149
7178
7189
7191
7201
7212
7379
7399
7410
7439
7449
7451
7461
7490
7693
7704
7723
7734
7744
7764
7766
7777
7796
7798
8047
8067
8096
8115
8135
8163
8183
8294
8304
8324
8344
8355
8356
8376
8396
8397
8518
8546
8566
8586
8596
8607
8626
8700
8702
8721
8750
8751
8753
8773
8792
8877
8905
8925
8926
8937
8948
9095
9169
9189
9208
9219
9220
9231
9233
9317
9328
9347
9367
9369
9370
9390
9410
9466
9576
9596
9616
9653
9664
9674
9676
9678
9817
9845
9856
9866
9886
9906
9925
9927
9929
9930
10050
10052
10062
10118
10128
10148
10158
10160
10188
10346
10374
10403
10422
10433
10443
10445
10528
10547
10576
10595
10597
10607
10609
10629
10704
10732
10761
10780
10800
10810
10830
10849
10851
10943
10954
10992
11002
11004
11023
11034
11062
11147
11157
11177
11196
11216
11235
11255
11256
11258
11377
11379
11416
11454
11455
11475
11476
11505
11506
11571
11600
11619
11648
11658
11660
11697
11726
11718
11720
11757
11759
11769
11834
11880
11891
11910
11930
11931
11933
11952
11972
11973
11975
12021
12041
12051
12071
12108
12128
12156
12221
12231
12251
12270
12272
12273
12293
12384
12377
12387
12407
12417
12437
12438
12458
12459
12461
12462
12573
12584
12603
12623
12642
12662
12690
12710
12711
12713
12787
12815
12844
12863
12883
12893
12904
12923
13034
13045
13073
13084
13103
13123
13169
13189
13208
13228
13247
13249
13250
13270
13272
13328
13338
13358
13386
13388
13416
13436
13482
13493
13503
13523
13534
13535
13564
13565
13576
13577
13578
13589
13608
13619
13638
13658
13677
13706
13834
13845
13864
13884
13894
13914
13942
13989
13999
14019
14047
14049
14059
14079
14080
14082
14128
14148
14167
14187
14206
14217
14236
14256
14312
14331
14351
14370
14372
14391
14411
14421
14468
14433
14452
14481
14482
14493
14512
14532
14533
14598
14663
14683
14702
14713
14741
14761
14781
14782
14856
14848
14868
14887
14907
14926
14946
14965
14967
14968
15052
15062
15082
15110
15130
15149
15169
15188
15272
15282
15302
15321
15323
15342
15362
15381
15410
15438
15467
15469
15488
15508
15527
15529
15530
15586
15596
15616
15635
15646
15665
15685
15704
15715
15798
15809
15837
15857
15858
15878
15906
15926
15990
16010
16038
16058
16068
16088
16098
16118
16119
16157
16167
16187
16206
16208
16227
16238
16266
16276
16287
16306
16317
16327
16329
16348
16359
16378
16479
16490
16509
16529
16566
16586
16587
16588
16599
16618
16638
16639
16650
16669
16689
16690
16801
16820
16840
16859
16861
16880
16900
16919
17011
17022
17041
17061
17062
17082
17101
17112
17177
17187
17207
17226
17237
17256
17276
17295
17369
17380
17399
17419
17420
17431
17450
17470
17471
17473
17565
17567
17604
17633
17652
17663
17691
17693
17757
17768
17796
17807
17826
17828
17847
17921
17931
17951
17970
17972
17982
17993
18012
18014
18069
18080
18099
18119
18129
18149
18168
18215
18234
18290
18309
18311
18321
18341
18378
18407
18426
18446
18447
18449
18450
18442
18435
18445
18465
18493
18513
18577
18570
18580
18591
18592
18630
18649
18750
18752
18780
18800
18801
18803
18822
18842
18843
18835
18846
18865
18885
18904
18924
18943
18963
19055
19065
19085
19113
19124
19125
19145
19164
19220
19230
19250
19269
19271
19290
19310
19329
19330
19341
19351
19371
19381
19410
19411
19431
19432
19434
19535
19554
19574
19611
19631
19659
19670
19762
19773
19801
19812
19840
19860
19861
19908
19918
19938
19957
19986
20005
20016
20017
20019
20020
20022
20023
20042
20116
20153
20164
20165
20167
20168
20170
20216
20245
20273
20284
20285
20323
20342
20344
20345
20347
20448
20458
20487
20533
20553
20572
20592
20593
20595
20596
20652
20653
20673
20710
20739
20740
20769
20788
20790
20791
20793
20858
20859
20896
20934
20962
20982
21001
21012
21013
21015
21035
21036
21056
21075
21104
21123
21143
21162
21236
21310
21320
21331
21359
21379
21389
21391
21401
21411
21431
21432
21434
21453
21473
21474
21476
21477
21479
21598
21599
21637
21683
21703
21731
21742
21743
21735
21755
21765
21776
21813
21824
21825
21827
21928
21938
21958
21977
21997
22016
22036
22055
22057
22058
22123
22124
22180
22190
22219
22229
22249
22305
22306
22325
22345
22346
22348
22367
22459
22442
22462
22490
22492
22511
22531
22587
22579
22598
22627
22628
22639
22649
22660
22661
22663
22664
22739
22722
22750
22779
22807
22818
22837
22857
22885
22895
22924
22934
22963
22982
23056
23112
23131
23142
23161
23172
23228
23220
23239
23241
23278
23280
23281
23283
23284
23322
23332
23379
23407
23427
23437
23439
23440
23442
23443
23445
23446
23466
23494
23513
23515
23552
23581
23582
23584
23585
23587
23661
23779
23817
23836
23847
23866
23868
23869
23943
23944
23982
23992
23994
24031
24033
24034
24099
24145
24147
24166
24186
24187
24189
24190
24192
24239
24267
24304
24324
24343
24363
24364
24366
24367
24369
24370
24372
24373
24375
24394
24395
24433
24470
24490
24518
24547
24566
24649
24705
24724
24726
24772
24792
24802
24849
24850
24897
24898
24909
24928
24930
24931
24942
24943
24953
24973
24992
25003
25013
25033
25034
25036
25037
25039
25122
25177
25215
25270
25308
25327
25329
25375
25377
25387
25407
25417
25419
25456
25458
25514
25515
25534
25554
25573
25593
25612
25659
25660
25671
25699
25710
25711
25731
25750
25752
25808
25809
25828
25848
25867
25887
25906
25926
26009
26010
26029
26049
26059
26088
26098
26100
26101
26102
26140
26159
26188
26198
26245
26246
26275
26294
26296
26297
26317
26318
26320
26321
26432
26433
26461
26481
26518
26547
26557
26568
26605
26625
26644
26664
26674
26685
26695
26796
26797
26817
26818
26820
26839
26859
26860
26861
26881
26900
26902
26903
26923
26942
26944
27063
27073
27093
27121
27141
27160
27162
27172
27228
27238
27249
27268
27288
27298
27327
27328
27384
27385
27405
27424
27426
27445
27465
27484
27486
27487
27506
27526
27545
27583
27584
27704
27687
27697
27726
27745
27765
27766
27777
27778
27834
27781
27800
27820
27839
27859
27869
27898
27899
28055
28056
28093
28113
28123
28125
28126
28182
28192
28212
28222
28224
28234
28245
28264
28266
28313
28314
28333
28353
28372
28392
28411
28431
28496
28497
28516
28536
28555
28575
28594
28650
28651
28689
28690
28692
28711
28731
28732
28734
28735
28737
28793
28803
28822
28860
28879
28899
28918
28947
28948
28950
28942
28961
28990
29009
29029
29066
29159
29169
29197
29199
29218
29229
29248
29268
29278
29297
29299
29318
29320
29339
29341
29342
29344
29454
29455
29493
29530
29532
29560
29589
29590
29646
29629
29649
29668
29688
29716
29745
29810
29820
29839
29841
29842
29862
29881
29883
29884
29940
29950
29970
29998
30018
30037
30057
30058
30060
30061
30135
30154
30192
30211
30231
30241
30252
30299
30300
30319
30339
30349
30369
30388
30390
30391
30393
30394
30396
30479
30480
30508
30555
30574
30594
30613
30696
30697
30717
30745
30756
30757
30777
30796
30843
30862
30882
30883
30885
30904
30924
30989
30990
31009
31029
31030
31050
31069
31071
31072
31119
31138
31185
31204
31206
31225
31245
31246
31248
31249
31251
31298
31299
31336
31383
31402
31422
31441
31452
31517
31527
31546
31566
31585
31605
31615
31671
31681
31692
31711
31713
31741
31743
31753
31755
31756
31758
31823
31824
31861
31899
31918
31938
31957
32040
32041
32070
32071
32073
32101
32157
32158
32160
32179
32181
32200
32220
32221
32223
32224
32226
32309
32310
32338
32367
32386
32406
32425
32454
32510
32511
32539
32559
32560
32580
32608
32646
32665
32685
32695
32715
32716
32745
32746
32757
32767
32777
32788
32807
32827
32828
32848
32895
32896
32924
32944
32945
32965
32984
33004
33114
33115
33135
33154
33156
33175
33213
33269
33279
33289
33300
33301
33321
33322
33351
33352
33354
33355
33357
33367
33404
33442
33461
33481
33491
33565
33648
33658
33678
33679
33681
33700
33711
33767
33786
33805
33807
33817
33837
33911
33912
33931
33951
33952
33954
33955
34029
34030
34068
34078
34098
34099
34119
34120
34122
34123
34179
34180
34209
34228
34248
34267
34287
34306
34308
34309
34384
34394
34414
34451
34471
34490
34510
34520
34512
34541
34560
34571
34572
34601
34711
34730
34750
34760
34762
34772
34792
34793
34795
34851
34852
34880
34891
34910
34930
34949
34969
34970
35008
35036
35056
35084
35104
35123
35161
35217
35218
35219
35239
35240
35242
35279
35281
35282
35284
35285
35341
35369
35389
35426
35437
35456
35476
35550
35551
35570
35590
35591
35611
35630
35686
35687
35689
35708
35710
35747
35767
35768
35851
35852
35872
35891
35911
35948
35950
36015
36016
36035
36046
36056
36067
36077
36079
36135
36136
36155
36175
36176
36214
36233
36316
36317
36337
36338
36340
36377
36397
36398
36400
36474
36475
36503
36541
36560
36571
36581
36628
36638
36658
36677
36679
36689
36691
36701
36703
36768
36769
36788
36808
36827
36847
36866
36886
36942
36952
36980
36982
37001
37021
37086
37087
37106
37126
37136
37138
37157
37168
37169
37171
37172
37219
37220
37258
37313
37315
37325
37345
37364
37365
37385
37413
37415
37416
37436
37528
37583
37612
37631
37633
37652
37663
37664
37720
37721
37741
37760
37762
37763
37783
37802
37804
37805
37807
37872
37873
37910
37948
37967
37987
37997
38062
38063
38083
38102
38104
38123
38143
38208
38218
38228
38248
38249
38269
38288
38290
38291
38347
38348
38368
38387
38398
38426
38446
38547
38539
38558
38578
38588
38590
38609
38620
38621
38695
38696
38716
38717
38737
38756
38776
38777
38833
38834
38881
38891
38911
38921
38941
38988
38998
39026
39046
39056
39067
39068
39079
39080
39082
39138
39139
39167
39187
39206
39244
39263
39319
39320
39349
39350
39352
39380
39400
39401
39402
39422
39441
39443
39444
39464
39483
39485
39559
39614
39634
39680
39700
39710
39730
39786
39778
39797
39817
39818
39820
39821
39850
39851
39853
39854
39865
39866
39894
39932
39951
39962
39981
40028
40111
40139
40159
40178
40180
40217
40219
40275
40267
40295
40297
40298
40336
40355
40357
40422
40423
40442
40462
40472
40492
40502
40522
40523
40597
40598
40618
40637
40648
40667
40705
40797
40789
40790
40810
40820
40840
40859
40861
40862
40864
40865
40884
40904
40905
40925
40944
40982
41074
41102
41122
41123
41161
41226
41227
41255
41266
41267
41269
41279
41281
41282
41284
41285
41341
41342
41362
41390
41410
41447
41467
41486
41551
41552
41572
41591
41602
41612
41650
41651
41708
41709
41728
41748
41758
41760
41788
41808
41809
41811
41803
41804
41823
41861
41880
41900
41919
41939
41940
42069
42061
42072
42118
42138
42157
42168
42224
42225
42271
42273
42274
42294
42313
42305
42306
42335
42354
42356
42375
42377
42387
42389
42390
42392
42457
42513
42550
42588
42607
42636
42673
42747
42739
42750
42769
42771
42772
42819
42884
42885
42895
42915
42916
42927
42937
42939
42940
42942
43007
43008
43036
43056
43057
43086
43114
43134
43135
43191
43192
43212
43231
43251
43270
43290
43364
43365
43393
43404
43405
43425
43444
43518
43519
43539
43549
43551
43552
43581
43582
43638
43639
43659
43687
43698
43717
43737
43738
43804
43805
43824
43844
43863
43874
43884
43904
43905
43970
43962
43982
44010
44039
44067
44087
44088
44144
44145
44165
44184
44186
44196
44225
44235
44237
44293
44294
44331
44351
44370
44390
44400
44401
44429
44440
44441
44452
44462
44464
44465
44467
44468
44588
44589
44627
44664
44684
44703
44723
44724
44725
44744
44773
44774
44776
44813
44924
44925
44945
44964
44966
44985
45005
45060
45080
45099
45119
45138
45149
45150
45188
45225
45245
45282
45293
45303
45305
45306
45280
45263
45292
45311
45313
45314
45361
45380
45382
45383
45385
45460
45470
45498
45554
45573
45575
45612
45614
45869
45843
45844
45846
45847
45849
45850
45852
45853
45855
45856
45858
45995
46005
46006
46008
46027
46074
46075
46077
46078
46080
46081
46083
46112
46040
46059
46070
46134
46136
46146
46148
46149
46151
46152
46154
46236
46508
46555
46557
46558
46560
46561
46563
46564
46566
46567
46569
46570
46572
46573
46575
46621
46866
46840
46851
46852
46854
46873
46875
46876
46878
46879
46881
46882
46884
46894
46968
47195
47178
47179
47181
47182
47184
47185
47187
47188
47190
47191
47193
47194
47196
47197
47199
47282
47283
47311
47385
47404
47406
47425
47445
47446
47448
47449
47460
47516
47526
47581
47637
47647
47667
47686
47787
47770
47817
47827
47856
47866
47877
47905
47934
47953
47973
47983
47985
47995
47997
47998
48000
48083
48084
48094
48141
48160
48180
48190
48201
48202
48267
48277
48297
48316
48354
48355
48420
48421
48441
48460
48462
48472
48483
48484
48549
48541
48561
48580
48609
48628
48648
48649
48714
48715
48753
48763
48792
48848
48840
48859
48861
48880
48882
48892
48894
48895
48960
48970
48990
49009
49038
49075
49077
49151
49143
49162
49173
49210
49221
49286
49278
49297
49317
49327
49347
49348
49359
49360
49352
49353
49373
49392
49394
49413
49451
49580
49581
49600
49602
49621
49623
49651
49653
49654
49692
49702
49722
49741
49761
49780
49800
49819
49821
49822
49887
49888
49908
49945
49983
50002
50067
50068
50106
50116
50118
50128
50139
50140
50142
50198
50199
50218
50238
50257
50277
50296
50316
50390
50391
50428
50430
50467
50487
50543
50544
50563
50583
50584
50586
50596
50607
50672
50682
50701
50721
50722
50742
50761
50772
50764
50774
50793
50813
50814
50825
50844
50855
50929
50930
50940
50951
50988
50990
51009
51011
51012
51132
51133
51153
51190
51192
51202
51231
51250
51252
51253
51309
51364
51384
51403
51423
51497
51507
51526
51528
51529
51594
51586
51606
51625
51627
51628
51639
51640
51705
51706
51726
51736
51738
51766
51795
51851
51852
51871
51891
51892
51894
51904
51924
51980
51972
52000
52020
52039
52068
52078
52061
52089
52109
52110
52130
52140
52142
52143
52145
52265
52266
52294
52341
52351
52371
52381
52455
52456
52485
52495
52497
52525
52536
52601
52602
52621
52641
52642
52653
52681
52728
52738
52758
52759
52779
52780
52809
52856
52866
52885
52905
52915
52917
52927
52938
52984
52995
53041
53043
53062
53100
53119
53075
53104
53133
53162
53181
53183
53184
53186
53187
53317
53318
53337
53375
53403
53423
53442
53554
53556
53621
53632
53633
53644
53673
53748
53758
53787
53807
53817
53819
53848
53849
53851
53917
53927
53956
53985
54014
54043
54063
54193
54203
54241
54270
54272
54301
54330
54405
54415
54444
54473
54475
54476
54478
54507
54508
54510
54585
54595
54643
54717
54746
54757
54786
54861
54871
54918
54601
54622
55081
55109
55157
55158
55160
55162
55185
54901
54597
54872
54486
54135
53792
53323
52925
52481
52041
51668
51210
50719
50386
49775
49329
48874
48593
48119
47653
47139
46827
46491
46141
45723
45152
44576
44235
43848
43493
43272
42939
42629
42279
41890
41385
41005
40399
39862
39336
38786
38290
37695
37161
36434
35957
35502
34854
34491
34122
33557
33102
32798
32268
31988
31575
31194
30701
30401
30148
29821
29566
28719
28423
27861
27377
26777
26149
25717
25243
24583
24253
24031
23518
23144
22739
22166
21930
21610
21286
20991
20579
20099
19995
19595
19245
19023
18836
18391
17869
17116
16479
16054
15520
15343
15015
14728
14239
14006
13910
13513
12925
12468
11884
11383
10895
9986
9131
8557
8065
7451
7110
6969
6970
6972
7368
7379
7381
7438
7486
7515
7516
7518
7519
7521
7523
7792
7821
7878
7935
7936
7947
7976
8005
8292
8303
8305
8362
8391
8392
8394
8433
8434
8658
8677
8725
8754
8783
8812
8833
8844
8846
8848
9108
9174
9184
9296
9298
9364
9375
9515
9572
9601
9603
9632
9643
9811
9822
9842
9853
9854
9884
9913
9914
9916
10019
10030
10059
10088
10118
10147
10176
10205
10206
10411
10412
10441
10498
10500
10566
10614
10615
10865
10876
10905
10934
10945
10965
10985
11023
11181
11183
11212
11241
11252
11281
11311
11340
11342
11343
11511
11522
11551
11580
11609
11638
11668
11891
11901
11931
11978
11989
11999
12010
12011
12152
12190
12220
12313
12315
12427
12410
12412
12413
12415
12416
12500
12529
12531
12532
12718
12729
12758
12796
12843
12872
12873
12939
13060
13089
13118
13120
13130
13150
13345
13356
13366
13368
13369
13380
13400
13401
13403
13543
13535
13564
13612
13659
13660
13662
13737
13738
13860
13871
13900
13929
13939
13969
13998
14027
14185
14195
14224
14253
14255
14284
14313
14407
14418
14447
14476
14477
14479
14508
14537
14538
14540
14698
14763
14792
14849
14887
14916
14973
14974
14976
15079
15108
15155
15175
15177
15206
15235
15236
15238
15359
15369
15417
15446
15475
15504
15514
15543
15545
15685
15696
15743
15772
15801
15812
15841
15907
15918
15947
15976
15977
16006
16035
16120
16130
16159
16188
16208
16219
16248
16258
16260
16261
16263
16429
16440
16515
16572
16601
16611
16640
16697
16707
16745
16765
16767
16796
16908
16918
16956
16985
16987
17007
17036
17184
17195
17224
17225
17227
17283
17312
17314
17315
17372
17383
17393
17441
17470
17471
17528
17557
17558
17560
17672
17691
17720
17777
17806
17826
17855
17884
18059
18070
18099
18128
18175
18195
18344
18355
18356
18385
18396
18425
18445
18530
18531
18588
18617
18627
18638
18639
18668
18670
18671
18673
18674
18749
18769
18798
18873
18902
18903
18960
18989
19101
19111
19140
19169
19171
19200
19210
19258
19268
19306
19326
19328
19357
19413
19534
19554
19611
19612
19623
19652
19653
19655
19739
19750
19779
19808
19818
19820
19849
19896
19898
19899
20029
20040
20069
20125
20154
20183
20212
20278
20289
20336
20365
20367
20377
20425
20564
20574
20585
20605
20615
20663
20692
20693
20704
20770
20799
20800
20829
20858
20860
20861
20863
20938
21031
21060
21089
21099
21128
21157
21186
21252
21263
21319
21321
21350
21379
21500
21520
21530
21559
21606
21608
21609
21611
21613
21623
21652
21690
21728
21757
21759
21834
21844
21882
21902
21904
21933
21962
22138
22149
22178
22207
22208
22237
22239
22268
22269
22271
22272
22274
22367
22405
22480
22537
22566
22595
22660
22717
22746
22775
22822
22824
22825
22919
22948
22986
23015
23016
23018
23028
23030
23114
23143
23172
23182
23211
23213
23242
23262
23272
23301
23330
23332
23333
23362
23382
23512
23523
23579
23581
23601
23667
23668
23752
23763
23792
23821
23850
23851
23880
23882
23883
23885
23886
23888
23972
24001
24057
24114
24143
24163
24192
24230
24231
24352
24354
24383
24412
24450
24479
24508
24537
24603
24622
24651
24680
24682
24711
24731
24769
24780
24836
24838
24839
24868
24897
25045
25056
25076
25105
25115
25135
25164
25166
25167
25169
25262
25273
25302
25358
25387
25416
25445
25456
25457
25551
25552
25609
25647
25676
25705
25734
25735
25755
25775
25795
25824
25834
25836
25856
25885
25886
26016
26027
26065
26121
26150
26170
26199
26292
26303
26323
26352
26381
26391
26393
26413
26414
26526
26546
26575
26604
26623
26652
26681
26701
26703
26704
26706
26790
26791
26820
26877
26906
26926
26964
26993
27068
27069
27126
27127
27156
27185
27214
27216
27217
27265
27266
27304
27333
27344
27364
27393
27422
27423
27425
27426
27428
27429
27431
27432
27608
27646
27702
27759
27788
27817
27837
27866
27913
27915
27944
27973
28002
28077
28087
28089
28264
28266
28295
28305
28307
28336
28383
28486
28478
28535
28545
28547
28603
28605
28698
28709
28738
28785
28796
28815
28817
28818
28820
28821
28823
28824
28826
28827
28948
28959
29015
29090
29119
29148
29177
29206
29208
29319
29357
29386
29415
29463
29501
29511
29595
29615
29644
29646
29656
29658
29687
29688
29690
29691
29784
29823
29824
29881
29910
29939
29968
29970
29971
29973
30075
30086
30115
30180
30209
30238
30258
30379
30381
30410
30439
30449
30451
30461
30490
30574
30594
30623
30652
30663
30692
30702
30805
30797
30835
30864
30875
30922
30924
30925
30991
30984
31022
31060
31098
31136
31137
31139
31241
31234
31235
31273
31357
31386
31388
31389
31391
31392
31394
31478
31488
31545
31574
31594
31632
31661
31708
31719
31748
31768
31769
31798
31827
31966
31995
32052
32081
32091
32093
32177
32197
32207
32209
32238
32267
32268
32270
32271
32273
32274
32276
32277
32279
32280
32282
32283
32285
32286
32398
32427
32483
32540
32578
32607
32627
32683
32712
32741
32743
32753
32792
32912
32978
33034
33091
33120
33121
33150
33198
33218
33210
33258
33287
33297
33326
32899
33595
33625
33627
32974
32314
31549
30935
30269
29454
28590
27878
27251
26518
25601
24917
24147
23403
22392
21432
20131
19374
18456
17648
17102
16398
15601
14738
14266
13648
13102
12244
11625
10666
9660
9023
8306
7443
6693
6107
5552
4692
4005
3751
3771
3792
3795
3797
4185
4188
4218
4221
4223
4263
4265
4267
4463
4474
4504
4534
4536
4539
4569
4838
4831
4861
4891
4902
4904
4924
4954
5186
5189
5219
5248
5249
5260
5291
5320
5322
5666
5667
5697
5726
5748
5778
5807
5845
5847
6218
6220
6249
6278
6316
6337
6366
6396
6564
6567
6596
6626
6637
6639
6668
6688
7011
7014
7061
7100
7102
7123
7152
7182
7433
7435
7492
7493
7523
7552
7582
7584
7586
7883
7903
7933
7962
7972
7983
8003
8033
8035
8036
8038
8039
8041
8042
8044
8047
8565
8603
8669
8726
8755
8793
8823
8852
9065
9067
9096
9125
9145
9201
9239
9241
9454
9456
9503
9541
9543
9573
9602
9631
9835
9836
9865
9885
9914
9925
9954
9956
10115
10117
10173
10175
10232
10233
10272
10273
10275
10277
10279
10281
10283
10284
10507
10656
10731
10788
10835
10846
10875
10913
10923
10925
11120
11121
11159
11207
11236
11265
11294
11323
11417
11446
11475
11504
11506
11535
11555
11566
11715
11716
11754
11774
11803
11832
11861
11965
11966
11996
12025
12027
12056
12085
12095
12097
12098
12100
12101
12103
12105
12439
12468
12524
12581
12610
12657
12686
12715
12790
12792
12821
12850
12851
12880
12918
12939
12941
12942
13183
13184
13213
13251
13280
13309
13357
13386
13554
13593
13622
13651
13680
13690
13701
13758
13768
13788
13817
13819
13884
13886
13887
13944
13982
14011
14040
14097
14126
14146
14294
14296
14325
14345
14383
14412
14432
14433
14435
14436
14622
14623
14680
14727
14729
14794
14823
14935
14937
14966
14995
14997
15026
15055
15057
15058
15060
15309
15357
15422
15424
15454
15483
15503
15504
15644
15645
15674
15703
15705
15734
15763
15792
15793
15905
15907
15936
15983
16012
16041
16061
16109
16111
16149
16197
16198
16200
16202
16231
16444
16445
16465
16495
16505
16525
16563
16703
16704
16733
16762
16764
16793
16822
16933
16953
16964
16965
16967
16996
17025
17146
17147
17176
17205
17207
17236
17265
17386
17387
17444
17445
17447
17476
17505
17506
17527
17528
17557
17595
17615
17644
17674
17675
17860
17871
17900
17938
17949
17978
18044
18100
18138
18167
18196
18198
18218
18247
18368
18342
18343
18391
18392
18412
18487
18488
18619
18629
18658
18678
18707
18736
18765
18767
18915
18917
18946
18975
18985
19005
19034
19063
19147
19158
19187
19216
19254
19274
19349
19387
19416
19445
19474
19475
19495
19497
19609
19619
19648
19677
19679
19680
19709
19757
19767
19796
19817
19819
19820
19849
19878
20026
20028
20057
20086
20115
20144
20301
20294
20323
20352
20362
20364
20393
20394
20451
20498
20536
20538
20539
20568
20597
20718
20720
20749
20778
20779
20781
20810
20959
20969
20989
21018
21020
21049
21078
21171
21172
21220
21240
21241
21252
21391
21374
21421
21441
21443
21472
21583
21576
21577
21606
21608
21637
21666
21667
21751
21753
21791
21811
21821
21850
21971
21972
22001
22021
22023
22024
22145
22138
22167
22205
22224
22244
22301
22302
22304
22352
22353
22373
22402
22486
22487
22516
22545
22547
22548
22577
22698
22708
22737
22757
22759
22779
22808
22828
22848
22858
22887
22889
22918
22947
22948
22950
23089
23090
23119
23149
23178
23207
23236
23384
23395
23442
23471
23482
23492
23512
23615
23616
23645
23647
23648
23659
23688
23689
23691
23784
23795
23851
23889
23909
23938
23976
24051
24053
24082
24111
24112
24123
24124
24153
24155
24266
24268
24324
24372
24401
24411
24422
24506
24489
24546
24575
24576
24614
24625
24626
24628
24629
24631
24632
24643
24736
24810
24913
24942
24971
25000
25001
25003
25004
25006
25007
25119
25120
25177
25224
25272
25301
25431
25432
25461
25490
25492
25493
25495
25634
25635
25655
25684
25713
25715
25725
25828
25829
25858
25887
25898
25908
25937
26058
26078
26107
26118
26128
26130
26159
26160
26162
26163
26165
26240
26241
26289
26354
26383
26412
26441
26470
26563
26565
26594
26623
26624
26653
26682
26794
26795
26824
26853
26855
26856
26885
26997
27007
27036
27056
27058
27087
27116
27200
27201
27230
27259
27261
27262
27291
27375
27423
27452
27481
27482
27493
27522
27523
27617
27646
27675
27676
27705
27734
27763
27829
27858
27914
27925
27926
27955
27975
27977
27978
28062
28064
28120
28158
28178
28207
28236
28320
28331
28378
28380
28381
28438
28458
28468
28497
28517
28519
28520
28531
28551
28552
28554
28711
28731
28760
28816
28845
28865
28894
28978
29007
29036
29065
29067
29068
29097
29190
29210
29221
29268
29270
29271
29300
29311
29367
29405
29453
29454
29502
29531
29541
29625
29627
29683
29703
29705
29715
29744
29764
29784
29813
29842
29844
29854
29856
29885
29978
30053
30073
30111
30149
30178
30198
30282
30283
30285
30314
30315
30335
30382
30384
30385
30387
30388
30472
30492
30576
30605
30634
30691
30692
30776
30778
30807
30836
30837
30839
30868
31007
31017
31037
31066
31068
31124
31135
31127
31156
31176
31178
31188
31217
31219
31220
31222
31388
31390
31419
31484
31513
31542
31654
31655
31712
31713
31715
31836
31829
31858
31887
31897
31926
31928
31929
31931
31932
31934
31935
31937
31938
31940
32033
32080
32128
32184
32213
32242
32271
32282
32292
32294
32295
32297
32316
32474
32512
32569
32625
32663
32692
32721
32750
32825
32836
32865
32885
32886
32915
33045
33074
33103
33105
33106
33108
33146
33276
33268
33297
33326
33337
33338
33358
33414
33407
33408
33428
33430
33468
33469
33471
33472
33638
33640
33660
33716
33727
33756
33858
33888
33917
33946
33956
33958
33959
34007
34008
34065
34094
34095
34097
34107
34328
34321
34350
34360
34389
34391
34392
34476
34505
34534
34536
34546
34695
34678
34707
34736
34747
34748
34759
34760
34762
34763
34875
34867
34896
34934
34981
35001
35058
35078
35079
35108
35137
35139
35159
35160
35253
35273
35302
35331
35333
35334
35345
35456
35458
35487
35516
35517
35546
35575
35696
35780
35809
35819
35848
35877
35879
36000
36020
36049
36050
36052
36071
36073
36074
36076
36169
36152
36172
36228
36257
36286
36315
36399
36428
36457
36459
36479
36517
36601
36602
36650
36660
36662
36663
36674
36694
36695
36697
36708
36709
36738
36795
36805
36834
36891
37066
37105
37134
37144
37146
37156
37305
37297
37354
37364
37366
37395
37396
37535
37546
37575
37576
37578
37579
37590
37591
37593
37594
37669
37671
37718
37775
37804
37842
37871
37964
37965
37994
38023
38025
38054
38083
38167
38196
38225
38226
38228
38257
38396
38397
38426
38428
38429
38440
38460
38461
38463
38565
38557
38586
38643
38663
38692
38721
38805
38806
38835
38864
38866
38895
38933
38935
38955
39002
39004
39005
39025
39026
39028
39185
39205
39234
39263
39264
39293
39304
39453
39445
39465
39512
39514
39543
39572
39683
39676
39705
39734
39763
39773
39784
39785
39787
39788
39863
39892
39930
39978
40007
40036
40184
40176
40205
40234
40245
40246
40275
40341
40416
40417
40446
40448
40477
40478
40471
40463
40492
40521
40523
40533
40581
40582
40584
40732
40733
40762
40819
40848
40877
40906
40999
41028
41057
41058
41060
41089
41145
41183
41240
41287
41289
41318
41319
41422
41432
41461
41463
41464
41484
41495
41496
41498
41499
41574
41576
41632
41689
41736
41765
41776
41796
41861
41890
41919
41948
41977
42015
42099
42128
42139
42140
42160
42189
42191
42192
42267
42269
42298
42336
42356
42385
42414
42507
42527
42574
42576
42605
42615
42681
42710
42720
42740
42742
42771
42800
42801
42803
42814
42806
42835
42892
42921
42959
43034
43145
43174
43203
43232
43233
43262
43365
43366
43404
43424
43426
43455
43557
43550
43579
43589
43600
43601
43630
43632
43633
43708
43710
43739
43777
43778
43807
43864
43865
43949
43951
44007
44009
44038
44094
44096
44107
44108
44137
44166
44195
44197
44226
44236
44393
44395
44424
44453
44482
44511
44540
44541
44635
44636
44665
44694
44751
44752
44790
44792
44793
44877
44888
44917
44973
45002
45013
45033
45034
45036
45047
45094
45123
45152
45190
45256
45376
45405
45407
45408
45437
45439
45440
45442
45507
45509
45556
45594
45623
45698
45700
45701
45785
45814
45852
45854
45901
45930
45932
45979
46017
46046
46075
46104
46133
46162
46164
46248
46249
46278
46289
46318
46365
46367
46368
46370
46371
46446
46539
46577
46597
46608
46637
46666
46667
46669
46670
46772
46774
46839
46896
46898
46963
47075
47058
47060
47070
47081
47119
47203
47205
47206
47235
47264
47266
47304
47305
47307
47308
47328
47385
47423
47461
47517
47565
47612
47623
47707
47708
47737
47766
47768
47797
47908
47910
47966
47968
47969
47998
48110
48102
48131
48142
48171
48172
48201
48203
48204
48206
48299
48291
48366
48395
48442
48471
48482
48557
48577
48606
48635
48636
48665
48786
48787
48816
48818
48828
48848
48850
48851
48917
48946
48984
49004
49024
49062
49091
49092
49094
49187
49198
49227
49274
49294
49323
49343
49445
49447
49476
49505
49515
49544
49573
49575
49668
49697
49726
49736
49756
49785
49787
49871
49872
49901
49930
49932
49961
49990
49991
50094
50086
50115
50144
50182
50211
50240
50334
50335
50364
50375
50385
50396
50416
50417
50437
50439
50468
50497
50526
50555
50584
50585
50669
50671
50727
50756
50785
50814
50880
50872
50901
50930
50932
50961
50990
50991
50993
51104
51161
51199
51255
51266
51313
51342
51426
51446
51484
51486
51487
51507
51609
51611
51631
51660
51661
51690
51692
51693
51786
51788
51808
51837
51866
51867
51924
52008
52037
52066
52067
52069
52125
52127
52238
52231
52278
52289
52299
52328
52357
52359
52461
52481
52519
52548
52577
52579
52599
52619
52629
52649
52651
52661
52672
52673
52675
52676
52824
52853
52882
52975
53014
53125
53099
53128
53148
53177
53178
53180
53181
53183
53184
53259
53297
53354
53401
53412
53432
53461
53462
53592
53593
53622
53651
53680
53709
53720
53749
53778
53780
53790
53819
53986
53987
54016
54045
54047
54057
54068
54069
54071
54072
54074
54075
54077
54078
54080
54210
54212
54268
54343
54400
54410
54439
54441
54571
54572
54611
54640
54659
54715
54763
54764
54793
54795
54805
54908
54946
54975
55031
55033
55034
55091
55138
55158
55196
55216
55226
55246
55248
55249
55352
55344
55382
55420
55449
55469
55498
55500
55538
55540
55541
55579
55581
55582
55648
55649
55651
55652
55654
55820
55840
55896
55953
55982
56020
56049
56151
56162
56172
56220
56221
56250
56279
56354
56356
56394
56423
56424
56426
56565
56576
56614
56652
56653
56655
56656
56750
56760
56789
56809
56811
56812
56924
56934
56945
56965
56966
56968
57024
57044
57046
57075
57104
57105
57116
57145
57339
57340
57369
57371
57400
57410
57494
57496
57525
57526
57555
57557
57604
57587
57616
57682
57684
57694
57842
57844
57873
57902
57931
57942
57943
57972
58001
58003
58004
58015
58016
58155
58157
58186
58233
58262
58273
58302
58331
58332
58343
58363
58401
58421
58450
58451
58453
58454
58456
58540
58569
58625
58682
58702
58731
58769
58944
58946
58975
58976
58978
59007
59073
59075
59104
59133
59134
59136
59137
59304
59324
59353
59382
59383
59394
59423
59525
59545
59574
59575
59577
59606
59754
59774
59803
59813
59815
59835
59836
59911
59913
59942
59971
59981
59983
60012
60013
60015
60016
60036
60047
60103
60160
60189
60218
60238
60386
60378
60407
60436
60465
60476
60523
60525
60554
60583
60584
60586
60615
60772
60774
60830
60832
60833
60862
60983
61011
61059
61088
61089
61100
61101
61176
61187
61207
61236
61237
61239
61350
61352
61381
61382
61384
61413
61442
61443
61445
61474
61484
61522
61570
61580
61600
61648
61787
61788
61826
61846
61848
61877
62016
62017
62046
62048
62049
62051
62080
62081
62174
62213
62242
62243
62272
62301
62312
62414
62425
62435
62455
62457
62486
62515
62581
62637
62666
62676
62696
62725
62754
62774
62776
62805
62834
62835
62837
62866
63004
63024
63053
63073
63075
63104
63151
63162
63209
63211
63212
63241
63362
63363
63383
63412
63414
63443
63472
63473
63557
63559
63579
63617
63646
63675
63750
63751
63762
63782
63783
63785
63915
63980
64009
64038
64049
64050
64162
64182
64192
64212
64223
64224
64262
64264
64265
64368
64360
64398
64455
64475
64513
64514
64516
64545
64565
64594
64604
64633
64635
64636
64638
64639
64723
64752
64891
64920
64922
64923
64925
64926
64928
64929
64931
64932
64934
64935
64937
64938
64940
64941
64943
64944
65074
65176
65214
65289
65337
65366
65413
65497
65554
65620
65621
65723
65816
65827
65893
65913
65923
65925
65935
65937
65938
66022
66024
66062
66100
66129
66149
66178
66198
66199
66256
66257
66286
66315
66399
66401
66430
66431
66433
66462
66491
66492
66494
66495
66643
66672
66710
66767
66768
66816
66845
66846
66930
66950
66970
66999
67019
67057
67095
67097
67126
67155
67156
67158
67233
67316
67336
67365
67394
67423
67452
67454
67455
67548
67541
67570
67617
67646
67675
67768
67807
67836
67837
67839
67877
67878
67889
67909
67910
67912
67941
67942
67944
68101
68111
68149
68206
68235
68255
68367
68377
68406
68435
68446
68447
68476
68560
68608
68637
68638
68649
68659
68771
68772
68801
68803
68813
68833
68835
68836
68920
68922
68951
68989
69018
69038
69067
69087
69097
69145
69146
69175
69204
69288
69308
69337
69339
69340
69369
69380
69381
69456
69531
69551
69589
69618
69638
69676
69806
69807
69818
69838
69839
69868
69980
69981
70038
70039
70041
70070
70090
70073
70093
70122
70142
70143
70163
70164
70166
70332
70334
70363
70419
70430
70468
70607
70590
70619
70648
70659
70660
70689
70773
70793
70822
70824
70825
70973
70966
70967
70996
71007
71008
71037
71039
71040
71133
71126
71155
71184
71213
71242
71298
71291
71320
71349
71350
71352
71381
71520
71567
71605
71607
71636
71665
71666
71741
71724
71772
71782
71793
71822
71851
71944
71936
71965
71967
71996
72052
72164
72147
72176
72187
72197
72199
72246
72248
72249
72287
72280
72309
72338
72367
72396
72544
72591
72620
72649
72660
72661
72690
72793
72785
72814
72816
72817
72855
72857
72858
72924
72916
72945
72974
72985
73014
73034
73035
73037
73194
73186
73224
73281
73319
73348
73386
73379
73435
73437
73438
73467
73551
73544
73573
73602
73603
73632
73643
73791
73802
73821
73850
73870
73899
73937
73994
74041
74052
74062
74082
74084
74113
74197
74189
74218
74247
74249
74278
74307
74308
74466
74440
74469
74479
74536
74565
74566
74687
74652
74681
74691
74702
74749
74751
74862
74827
74838
74885
74896
74916
74945
74946
75039
74995
75042
75044
75082
75084
75250
75307
75336
75347
75357
75405
75461
75426
75437
75457
75458
75460
75489
75490
75492
75676
75641
75679
75736
75765
75794
75814
75815
75936
75901
75930
75959
75988
76017
76101
76066
76122
76151
76153
76154
76202
76304
76360
76389
76391
76420
76476
76423
76433
76472
76473
76475
76504
76505
76507
76508
76684
76658
76714
76789
76800
76820
76849
76978
76943
76972
76992
76994
77023
77052
77181
77155
77175
77204
77206
77235
77264
77403
77358
77387
77407
77409
77438
77467
77468
77607
77572
77582
77611
77631
77660
77717
77847
77812
77841
77870
77880
77900
77938
77940
78060
78016
78054
78083
78094
78104
78143
78144
78210
78175
78204
78251
78280
78309
78320
78321
78323
78507
78500
78538
78576
78605
78643
78645
78646
78767
78750
78807
78836
78865
78875
78877
78878
78880
78991
78956
79003
79041
79061
79090
79138
79139
79141
79243
79235
79292
79321
79350
79397
79399
79400
79402
79468
79506
79571
79619
79629
79658
79715
79744
79791
79839
79840
79851
79861
79982
79993
79994
80023
80034
80145
80138
80139
80141
80170
80171
80173
80174
80176
80177
80179
80180
80264
80247
80267
80324
80371
80400
80429
80431
80551
80525
80554
80593
80658
80669
80698
80900
80856
80885
80914
80925
80945
81120
81076
81124
81134
81136
81174
81175
81232
81206
81235
81245
81274
81294
81296
81297
81299
81300
81302
81303
81524
81526
81610
81630
81650
81679
81799
81773
81802
81804
81851
81889
81964
81993
82004
82005
82007
82036
82056
82057
82059
82060
82062
82063
82065
82222
82196
82280
82346
82366
82395
82405
82508
82473
82502
82531
82532
82589
82627
82774
82767
82796
82797
82799
82828
82912
82877
82906
82953
82964
82965
83177
83115
83144
83145
83147
83203
83342
83307
83336
83356
83357
83368
83388
83518
83483
83512
83540
83560
83608
83609
83611
83612
83614
83615
83617
83646
83711
83749
83778
83835
83882
83930
83959
83960
83962
83963
83965
84085
84124
84162
84191
84201
84249
84278
84407
84372
84401
84430
84432
84461
84600
84565
84594
84623
84624
84626
84655
84784
84749
84778
84807
84809
84838
84867
84978
84943
84972
85001
85003
85032
85198
85163
85192
85194
85195
85233
85235
85236
85366
85312
85341
85398
85399
85447
85476
85477
85479
85480
85482
85483
85485
85486
85552
85553
85601
85676
85705
85734
85763
85764
85903
85923
85952
86018
86102
86131
86132
86225
86190
86210
86239
86241
86270
86308
86309
86311
86441
86433
86444
86500
86538
86567
86596
86653
86627
86656
86685
86686
86688
86717
86901
86866
86895
86906
86935
86982
86984
87123
87088
87117
87146
87156
87185
87187
87188
87336
87301
87330
87359
87397
87417
87419
87420
87477
87460
87489
87527
87538
87558
87587
87588
87590
87591
87593
87594
87596
87808
87809
87884
87913
87942
87971
88147
88112
88169
88179
88208
88219
88220
88322
88287
88335
88336
88347
88376
88405
88406
88527
88473
88548
88559
88606
88635
88692
88694
88704
88706
88707
88718
88747
88931
88924
88953
88954
89002
89012
89014
89144
89109
89119
89139
89150
89179
89208
89209
89211
89340
89314
89362
89418
89420
89476
89597
89589
89618
89647
89676
89678
89679
89681
89682
89684
89685
89687
89688
89690
89866
89858
89915
89971
89973
90002
90031
90032
90034
90035
90119
90102
90159
90216
90245
90274
90303
90487
90452
90500
90529
90539
90568
90625
90681
90710
90739
90741
90742
90771
90773
90893
90858
90869
90898
90899
90947
90976
90977
90979
90980
90982
90983
90985
91142
91107
91154
91201
91230
91259
91307
91427
91411
91440
91469
91470
91536
91592
91576
91605
91625
91626
91655
91666
91868
91861
91890
91891
91902
91940
92061
92007
92036
92056
92058
92087
92116
92117
92119
92120
92232
92252
92299
92337
92394
92404
92424
92572
92537
92566
92586
92588
92598
92664
92620
92676
92678
92734
92836
92847
92876
92896
92916
92935
93047
93012
93041
93070
93071
93073
93102
93167
93196
93225
93227
93256
93312
93314
93361
93399
93428
93457
93486
93524
93544
93546
93657
93631
93660
93689
93691
93711
93886
93860
93889
93891
93892
93921
94042
94016
94045
94046
94066
94095
94097
94098
94100
94211
94185
94233
94289
94318
94347
94486
94470
94499
94527
94529
94530
94559
94707
94663
94692
94694
94704
94706
94899
94846
94875
94904
94906
94916
94936
95093
95049
95078
95080
95081
95101
95258
95214
95262
95272
95283
95312
95387
95324
95353
95355
95356
95367
95396
95397
95591
95547
95576
95632
95661
95672
95848
95813
95842
95852
95854
95892
95893
95968
95979
96008
96018
96047
96076
96078
96079
96081
96082
96294
96287
96325
96336
96337
96348
96395
96397
96398
96528
96484
96522
96551
96552
96581
96757
96704
96733
96762
96763
96774
96803
96969
96925
96935
96946
96975
96347
96313
96350
96352
96353
96355
97252
97263
97265
97267
97679
96848
96088
95192
93991
93072
92318
91467
90504
90536
89740
88623
87753
86940
86444
85351
84412
83486
82686
81800
80854
80005
78792
77826
76439
74870
73437
71843
70146
68385
66670
64974
63080
61380
59407
57998
55753
53841
52746
50927
48790
47612
45660
43575
42080
40949
39395
37681
36363
35178
34288
33410
32612
31372
30335
29105
27878
26296
24901
24087
22321
21303
20340
19365
18004
16389
15038
13763
12469
11193
9418
7585
7213
7233
7272
7274
7276
7470
7839
7887
7936
7965
7995
8033
8035
8203
8160
8216
8218
8247
8277
8573
8520
8532
8561
8564
8593
8622
8624
8627
9080
9036
9066
9123
9152
9182
9211
9471
9427
9484
9486
9497
9545
9546
9853
9810
9839
9868
9897
9908
9937
9939
9941
9943
10192
10176
10214
10281
10310
10339
10369
10609
10566
10595
10597
10626
10904
10960
10990
10993
11022
11024
11026
11028
11029
11206
11153
11183
11231
11260
11316
11318
11319
11321
11323
11324
11326
11327
11329
11331
11738
11721
11759
11807
11836
11865
11894
11914
12228
12184
12268
12316
12327
12356
12486
12442
12471
12500
12502
12504
12533
12874
12858
12887
12889
12918
12947
13123
13088
13117
13127
13138
13140
13187
13189
13191
13193
13194
13196
13198
13577
13579
13635
13646
13675
13695
13724
13937
13893
13922
13951
13952
13982
14020
14214
14179
14217
14246
14248
14277
14389
14345
14374
14412
14414
14415
14444
14675
14704
14706
14735
14764
14958
14914
14943
14954
14955
14985
14986
14988
14990
14991
14993
14994
14996
15328
15312
15350
15443
15472
15501
15512
15514
15515
15728
15693
15722
15825
15854
15892
16114
16070
16099
16100
16129
16158
16160
16162
16163
16165
16166
16333
16326
16373
16421
16441
16470
16508
16509
16676
16669
16698
16718
16728
16757
16787
16935
16891
16938
16940
16941
16961
16999
17156
17112
17160
17161
17163
17201
17221
17369
17326
17373
17384
17404
17442
17563
17519
17548
17550
17588
17589
17609
17611
17612
17870
17836
17874
17930
17941
17988
17999
18165
18149
18178
18225
18236
18237
18239
18240
18388
18363
18392
18402
18440
18488
18517
18592
18621
18650
18679
18708
18709
18711
18887
18843
18872
18873
18902
18940
19116
19072
19101
19111
19140
19142
19171
19172
19403
19359
19388
19408
19410
19439
19468
19653
19609
19656
19658
19723
19761
19708
19746
19748
19749
19797
19798
19800
20031
19987
20034
20063
20074
20103
20132
20133
20226
20201
20257
20295
20315
20317
20501
20475
20504
20506
20535
20564
20712
20613
20642
20662
20673
20683
20685
20686
20889
20873
20920
20958
20969
20979
21118
21074
21103
21104
21133
21162
21164
21165
21167
21169
21170
21172
21338
21340
21397
21444
21455
21465
21494
21496
21497
21499
21574
21648
21732
21780
21818
21856
21858
21868
22016
21954
22001
22021
22023
22061
22199
22082
22111
22131
22133
22134
22172
22375
22322
22360
22389
22418
22447
22513
22569
22580
22609
22629
22658
22687
22688
22818
22774
22812
22832
22843
22863
22892
23040
23014
23043
23072
23101
23240
23205
23234
23245
23274
23275
23277
23278
23280
23281
23283
23284
23469
23443
23472
23528
23640
23641
23643
23644
23646
23647
23649
23833
23798
23846
23875
23904
23942
23943
24064
24020
24049
24078
24107
24117
24311
24267
24296
24307
24317
24346
24348
24477
24433
24481
24482
24493
24522
24523
24525
24526
24528
24529
24531
24642
24708
24774
24784
24813
24833
24954
24910
24939
24941
24942
24971
25100
25056
25104
25105
25116
25117
25146
25148
25341
25297
25326
25364
25384
25441
25442
25517
25473
25530
25531
25578
25598
25600
25601
25603
25796
25752
25818
25847
25857
25896
25934
25935
26056
26012
26041
26079
26108
26155
26294
26268
26297
26299
26300
26329
26340
26341
26343
26472
26437
26484
26550
26579
26599
26601
26730
26686
26715
26744
26773
26802
26804
26805
26944
26900
26956
26985
27014
27016
27036
27165
27121
27150
27152
27190
27237
27312
27259
27316
27317
27319
27357
27358
27488
27444
27473
27483
27549
27560
27561
27563
27564
27566
27567
27569
27762
27764
27839
27886
27915
27944
28019
27975
28004
28005
28080
28118
28266
28295
28297
28326
28327
28457
28413
28433
28434
28463
28593
28549
28578
28579
28608
28619
28620
28622
28623
28625
28654
28728
28803
28841
28889
28918
28965
29003
29032
29061
29063
29092
29167
29150
29152
29153
29182
29184
29395
29351
29371
29382
29402
29431
29432
29434
29435
29437
29438
29541
29606
29663
29692
29702
29722
29870
29826
29855
29893
29950
29951
29953
29954
29956
29957
29959
29960
29962
30064
30048
30123
30133
30162
30173
30174
30176
30177
30179
30253
30474
30531
30569
30589
30636
30638
30767
30723
30752
30754
30783
30812
30813
30815
30816
30955
30948
30995
31015
31062
31091
31221
31177
31206
31207
31218
31247
31431
31378
31380
31418
31447
31448
31450
31451
31581
31537
31575
31604
31624
31653
31791
31766
31795
31824
31825
31891
31838
31867
31877
31906
31908
31909
31911
32059
32079
32135
32173
32202
32231
32233
32234
32291
32247
32285
32295
32343
32372
32373
32375
32504
32460
32517
32546
32575
32604
32605
32781
32810
32839
32868
32897
33054
33010
33012
33041
33042
33163
33119
33148
33241
33169
33198
33200
33201
33203
33332
33288
33317
33319
33348
33377
33506
33554
33592
33593
33622
33624
33772
33719
33748
33758
33787
33816
33836
33893
33922
33951
33961
33990
34001
34130
34086
34115
34117
34146
34175
34176
34178
34234
34282
34320
34376
34387
34434
34582
34538
34567
34578
34579
34599
34701
34657
34686
34706
34717
34746
34747
34749
34750
34752
34918
34920
34958
34968
34979
35045
35183
35139
35168
35170
35171
35210
35367
35323
35352
35362
35391
35420
35477
35433
35462
35463
35465
35494
35495
35497
35626
35582
35639
35668
35697
35726
35727
35921
35886
35915
35944
35973
36166
36122
36151
36153
36154
36183
36185
36186
36243
36217
36246
36257
36286
36315
36325
36327
36548
36485
36523
36552
36600
36684
36640
36669
36670
36672
36701
36702
36704
36705
36707
36708
36710
36986
36969
36998
37027
37056
37085
37206
37162
37218
37247
37285
37406
37371
37400
37410
37412
37441
37442
37444
37454
37566
37595
37651
37680
37682
37830
37786
37815
37816
37818
37847
37848
37850
37997
37953
38010
38039
38068
38097
38181
38210
38239
38259
38269
38271
38419
38366
38395
38424
38453
38463
38465
38466
38633
38570
38618
38647
38675
38677
38678
38680
38736
38692
38749
38778
38834
38836
39038
38967
38996
39052
39081
39083
39084
39086
39087
39217
39109
39184
39213
39242
39271
39400
39356
39385
39387
39416
39445
39446
39576
39605
39661
39690
39719
39840
39796
39825
39835
39837
39866
39867
39869
39870
39872
40047
40012
40069
40098
40127
40156
40313
40269
40298
40309
40338
40348
40524
40471
40490
40519
40521
40522
40579
40535
40564
40565
40576
40605
40606
40608
40609
40611
40612
40861
40826
40864
40893
40922
40969
40989
41137
41075
41104
41133
41171
41200
41201
41331
41287
41316
41372
41401
41503
41459
41507
41508
41510
41548
41549
41551
41552
41554
41702
41667
41723
41752
41800
41829
41830
41969
41925
41954
41983
42039
42196
42125
42154
42155
42157
42186
42187
42189
42318
42274
42331
42351
42389
42418
42556
42503
42532
42561
42563
42592
42593
42732
42670
42699
42728
42757
42786
42851
42835
42836
42856
42894
42896
43117
43073
43102
43103
43114
43143
43144
43146
43211
43167
43224
43253
43282
43311
43312
43506
43462
43491
43529
43549
43578
43579
43581
43582
43721
43704
43788
43817
43819
43948
43895
43924
43926
43955
43984
44049
44005
44034
44036
44046
44094
44251
44207
44236
44237
44248
44268
44269
44463
44419
44439
44468
44497
44526
44536
44538
44539
44541
44542
44544
44545
44547
44713
44715
44780
44809
44838
44840
44915
44980
45036
45093
45131
45169
45171
45319
45275
45313
45314
45343
45345
45474
45430
45459
45461
45490
45665
45612
45641
45652
45653
45682
45684
45685
45687
45834
45836
45865
45894
45923
46044
46000
46029
46030
46032
46061
46126
46082
46111
46113
46142
46171
46300
46329
46358
46360
46370
46418
46547
46494
46523
46552
46554
46583
46584
46650
46597
46644
46673
46693
46722
46723
46853
46809
46838
46894
46923
47062
47091
47120
47131
47132
47161
47163
47164
47166
47167
47169
47170
47355
47338
47376
47424
47453
47482
47611
47567
47596
47598
47627
47665
47794
47750
47779
47781
47810
47894
47850
47879
47880
47882
47911
48068
48088
48117
48127
48156
48185
48242
48198
48227
48228
48230
48259
48260
48463
48446
48475
48504
48588
48544
48573
48575
48576
48578
48579
48581
48619
48748
48805
48861
48890
48910
48912
49041
49006
49035
49037
49057
49241
49188
49226
49228
49257
49258
49388
49344
49373
49374
49376
49405
49406
49536
49501
49530
49568
49597
49626
49765
49721
49750
49770
49771
49800
49802
49803
49933
49889
49927
49956
49966
50014
50015
50017
50018
50148
50150
50206
50217
50246
50275
50404
50360
50389
50391
50420
50504
50460
50489
50490
50519
50658
50687
50716
50727
50728
50757
50759
50879
50835
50864
50875
50885
50933
50934
50936
51065
51030
51087
51116
51145
51174
51294
51250
51279
51281
51310
51339
51468
51424
51462
50468
50507
51651
51653
51654
51530
50727
49694
49206
48311
47368
46453
45198
44109
43244
42520
41450
40257
39844
38960
38239
37379
36673
35537
34524
33822
32814
32274
31471
30500
29321
28197
26843
25531
24342
22794
21860
20911
19805
18446
17452
16891
15832
15106
14346
13521
12821
12142
11161
10551
9678
8947
8061
7339
6714
6717
6719
6721
6724
6726
7451
7426
7474
7522
7543
7564
7566
7568
7571
7573
7576
7596
8012
7987
8044
8092
8130
8160
8163
8404
8380
8409
8448
8523
8727
8684
8714
8716
8717
8746
8748
8750
8752
8753
8755
8757
8759
8761
8763
8765
8767
8768
8771
8773
9365
9357
9377
9443
9509
9548
9577
9606
9635
10016
9981
10084
10114
10162
10173
10449
10406
10435
10437
10458
10488
10738
10694
10723
10770
10974
10930
10932
10934
10936
10956
10958
10960
10961
11359
11324
11362
11382
11411
11459
11645
11620
11649
11650
11679
11708
12004
11969
11998
12000
12030
12059
12355
12311
12341
12343
12363
12401
12614
12570
12599
12601
12630
12659
12661
12663
12665
12666
12862
12845
12902
12932
12962
12991
13177
13133
13180
13182
13184
13222
13481
13437
13467
13469
13498
13527
13528
13750
13706
13735
13764
13794
13823
13825
13974
13930
13959
13989
14018
14047
14049
14272
14229
14240
14269
14298
14327
14539
14495
14524
14525
14554
14583
14796
14752
14781
14783
14812
14988
14935
14973
14975
14976
15005
15237
15202
15231
15233
15262
15292
15293
15295
15296
15362
15502
15558
15633
15662
15673
15858
15814
15862
15864
15866
15876
16034
15990
16019
16020
16049
16078
16080
16302
16258
16287
16316
16345
16374
16376
16378
16536
16501
16557
16586
16615
16635
16637
16638
16823
16779
16836
16865
16894
16923
16924
16926
16927
17195
17179
17235
17264
17293
17322
17443
17400
17429
17430
17459
17488
17728
17684
17713
17714
17743
17772
17774
17775
17914
17870
17908
17983
18013
18161
18117
18146
18147
18185
18187
18188
18190
18301
18330
18368
18416
18436
18437
18439
18441
18589
18545
18601
18630
18659
18688
18690
18691
18693
18814
18870
18918
18947
18976
19005
19180
19136
19165
19167
19187
19216
19364
19320
19349
19350
19379
19408
19465
19421
19450
19451
19480
19509
19740
19696
19725
19754
19783
19914
19879
19899
19900
19929
19940
19941
19943
19945
19946
20232
20215
20272
20301
20330
20359
20361
20509
20483
20512
20541
20570
20581
20729
20685
20714
20715
20744
20773
20775
20850
20806
20835
20864
20893
20922
21124
21080
21109
21111
21140
21288
21253
21273
21274
21303
21305
21306
21308
21309
21531
21496
21552
21590
21619
21639
21806
21762
21791
21792
21794
21823
21824
21826
21955
21911
21968
21997
22026
22055
22056
22186
22142
22171
22200
22229
22258
22259
22380
22354
22365
22394
22423
22452
22600
22565
22594
22595
22624
22653
22710
22739
22768
22769
22798
22827
22966
22922
22951
22962
22991
23020
23149
23105
23153
23154
23165
23194
23351
23307
23336
23365
23394
23396
23461
23426
23455
23457
23477
23506
23507
23509
23510
23713
23687
23744
23773
23802
23831
23832
23834
24019
23975
24031
24069
24098
24127
24248
24204
24233
24234
24245
24292
24367
24396
24425
24426
24455
24603
24559
24561
24562
24591
24730
24686
24715
24716
24718
24747
24748
24842
24798
24827
24856
24885
24914
25125
25081
25110
25112
25141
25170
25171
25328
25284
25341
25342
25371
25455
25411
25440
25442
25471
25664
25639
25658
25660
25661
25690
25692
25693
25695
25696
25698
25782
25765
25831
25860
25889
25918
26139
26095
26124
26125
26154
26257
26222
26251
26252
26254
26274
26467
26423
26452
26481
26510
26576
26532
26561
26562
26564
26593
26594
26596
26597
26599
26600
26602
26603
26843
26826
26883
26912
26941
27015
26971
27000
27002
27031
27087
27317
27273
27302
27304
27333
27398
27354
27402
27403
27405
27608
27628
27657
27667
27669
27698
27827
27783
27812
27832
27834
27963
27919
27948
27950
27951
28127
28092
28121
28122
28124
28153
28319
28275
28277
28287
28298
28327
28328
28330
28469
28425
28463
28492
28502
28531
28533
28681
28637
28666
28695
28724
28734
28873
28829
28858
28859
28888
29036
29011
29049
29050
29052
29209
29165
29166
29168
29197
29198
29200
29265
29221
29259
29279
29308
29337
29339
29550
29506
29563
29592
29694
29650
29652
29653
29664
29665
29667
29860
29816
29845
29874
29912
29932
29934
29999
29937
29984
30013
30070
30199
30164
30193
30195
30196
30216
30218
30219
30221
30360
30425
30482
30511
30540
30569
30625
30581
30610
30621
30650
30779
30735
30764
30766
30767
30796
30798
30799
30983
30939
31014
31062
31072
31101
31103
31232
31207
31236
31265
31294
31295
31297
31435
31410
31439
31495
31506
31507
31509
31510
31512
31660
31643
31700
31701
31730
31759
31761
31890
31846
31875
31904
31915
32109
32065
32094
32104
32133
32135
32282
32238
32267
32269
32279
32308
32310
32311
32441
32397
32453
32482
32511
32687
32643
32672
32682
32711
32713
32842
32807
32836
32838
32839
32859
32861
32862
32864
32984
32968
33006
33035
33082
33258
33214
33243
33253
33255
33284
33413
33369
33398
33400
33410
33494
33450
33479
33481
33482
33511
33714
33670
33699
33700
33729
33758
33760
33889
33845
33874
33931
33960
33961
33963
33964
34112
34068
34125
34135
34164
34257
34204
34233
34235
34264
34265
34477
34433
34462
34463
34492
34521
34669
34625
34663
34692
34721
34851
34807
34836
34846
34848
34849
34851
34852
34854
34855
34857
34858
34860
34907
34964
35029
35058
35060
35061
35191
35330
35286
35370
35371
35400
35484
35440
35469
35471
35500
35629
35567
35587
35588
35590
35646
35885
35841
35843
35863
35892
35893
35968
35924
35935
35936
35965
35994
35996
36189
36145
36202
36231
36260
36261
36263
36264
36413
36368
36425
36490
36519
36521
36632
36579
36626
36628
36666
36823
36760
36780
36782
36811
36812
36814
36889
36835
36864
36893
36950
36951
37163
37101
37130
37131
37160
37189
37191
37266
37221
37250
37279
37308
37328
37330
37331
37543
37490
37546
37575
37604
37633
37800
37747
37776
37777
37834
37900
37846
37875
37877
37906
37907
37909
37910
37912
37913
37915
38145
38119
38176
38205
38234
38263
38264
38266
38267
38269
38417
38382
38438
38440
38469
38516
38728
38675
38704
38705
38734
38828
38774
38803
38805
38834
39055
38983
39012
39014
39043
39209
39156
39185
39195
39224
39226
39227
39229
39230
39232
39298
39272
39328
39357
39368
39415
39572
39519
39548
39549
39578
39607
39746
39775
39804
39805
39834
40001
39947
39976
39978
40007
40173
40120
40121
40123
40152
40291
40237
40266
40268
40269
40363
40300
40329
40331
40360
40361
40363
40364
40366
40505
40488
40535
40564
40593
40622
40761
40708
40737
40738
40767
40961
40981
41010
41020
41022
41051
41181
41127
41156
41158
41187
41326
41272
41301
41303
41304
41333
41335
41336
41475
41422
41478
41507
41536
41565
41704
41660
41689
41690
41719
41748
41887
41834
41863
41864
41893
42041
41988
42035
42037
42038
42205
42151
42180
42182
42211
42377
42324
42353
42363
42365
42385
42386
42525
42472
42492
42493
42513
42551
42553
42619
42565
42594
42623
42680
42819
42765
42794
42796
42797
42826
42828
42829
42831
42832
43062
43045
43111
43140
43169
43198
43282
43284
43313
43342
43371
43400
43566
43513
43514
43516
43545
43675
43594
43623
43633
43681
43820
43775
43804
43806
43835
43836
43838
43839
43978
43925
43981
44010
44039
44068
44070
44209
44174
44230
44241
44270
44427
44374
44403
44404
44406
44416
44418
44419
44421
44551
44497
44554
44610
44639
44668
44807
44754
44783
44784
44813
44907
44853
44882
44884
44885
45079
45099
45128
45138
45158
45169
45299
45254
45283
45285
45286
45352
45399
45428
45457
45459
45488
45489
45491
45492
45494
45495
45497
45682
45647
45685
45723
45789
45818
45948
45894
45923
45925
45944
46038
45984
46013
46015
46016
46054
46193
46222
46251
46252
46281
46439
46385
46414
46416
46417
46575
46521
46550
46552
46553
46582
46739
46686
46715
46716
46745
46820
46867
46896
46925
46927
46956
47013
46959
46988
46990
46991
47167
47187
47225
47235
47264
47422
47359
47388
47399
47400
47411
47412
47589
47517
47546
47574
47594
47779
47717
47746
47756
47758
47768
47907
47881
47883
47893
47922
48061
48008
48037
48038
48040
48069
48070
48072
48073
48221
48186
48243
48253
48301
48467
48414
48443
48444
48446
48585
48550
48579
48580
48582
48776
48722
48751
48762
48791
48792
48849
48878
48907
48908
48937
48939
48940
49079
49026
49055
49084
49140
49142
49272
49218
49247
49249
49278
49453
49400
49429
49430
49432
49617
49563
49601
49603
49632
49689
49635
49664
49666
49667
49806
49853
49864
49865
49867
49896
50035
49981
50010
50012
50059
50198
50145
50174
50175
50204
50343
50290
50319
50320
50322
50351
50352
50354
50502
50448
50505
50534
50563
50720
50667
50696
50697
50699
50865
50812
50841
50842
50871
51010
50966
50995
50996
50998
51027
51028
51158
51105
51134
51163
51192
51221
51222
51380
51326
51355
51366
51376
51424
51572
51546
51547
51576
51605
51744
51709
51729
51731
51741
51743
51744
51883
51839
51895
51897
51926
51955
51956
51958
52088
52034
52072
52120
52149
52315
52262
52291
52292
52321
52460
52407
52436
52437
52439
52605
52570
52581
52582
52584
52613
52761
52716
52736
52765
52794
52924
52871
52900
52901
52930
53069
53016
53045
53046
53075
53214
53161
53190
53191
53220
53222
53223
53362
53281
53347
53394
53405
53425
53573
53519
53548
53550
53579
53745
53692
53721
53722
53751
53909
53856
53885
53886
53888
53917
53918
53920
54077
54024
54053
54082
54120
54204
54151
54180
54181
54183
54212
54433
54379
54408
54437
54466
54468
54469
54599
54555
54584
54594
54642
54662
54728
54674
54703
54723
54734
54763
54984
54930
54959
54988
55017
55156
55103
55132
55133
55162
55292
55239
55268
55269
55298
55437
55384
55413
55414
55416
55582
55529
55558
55559
55588
55727
55674
55703
55713
55715
55735
55736
55738
55877
55823
55880
55909
55938
56104
56051
56080
56081
56083
56167
56223
56270
56299
56310
56311
56313
56314
56453
56427
56456
56485
56643
56589
56618
56620
56621
56660
56707
56745
56765
56794
56804
56934
56881
56910
56911
56940
56942
56943
57091
57038
57094
57142
57152
57282
57220
57249
57250
57288
57290
57291
57439
57395
57415
57444
57473
57557
57504
57533
57534
57536
57721
57740
57788
57798
57809
57810
57949
57896
57925
57935
57964
58103
58050
58079
58080
58100
58248
58204
58224
58225
58419
58366
58395
58396
58398
58399
58538
58485
58514
58515
58517
58537
58538
58677
58624
58680
58709
58738
58895
58842
58862
58863
58892
59050
58996
59025
59027
59037
59167
59114
59143
59144
59173
59312
59259
59288
59289
59291
59320
59321
59323
59489
59445
59501
59539
59577
59625
59681
59710
59739
59741
59907
59854
59883
59893
59895
60061
59999
60037
60038
60040
60170
60116
60154
60156
60157
60159
60206
60253
60282
60311
60331
60360
60490
60437
60466
60467
60496
60498
60499
60501
60649
60623
60679
60708
60737
60867
60814
60843
60844
60873
61021
60977
60997
60998
61027
61166
61113
61142
61143
61172
61311
61267
61287
61288
61482
61447
61476
61477
61479
61480
61482
61648
61586
61615
61625
61654
61839
61777
61806
61816
61818
61819
61949
61896
61925
61954
61964
62103
62050
62079
62080
62109
62248
62195
62224
62225
62254
62412
62367
62396
62398
62399
62428
62558
62505
62534
62535
62546
62712
62659
62688
62689
62718
62857
62804
62833
62834
62836
62865
62866
63024
62979
63008
63037
63066
63251
63198
63227
63228
63239
63378
63324
63353
63355
63356
63532
63497
63507
63509
63538
63668
63614
63643
63645
63646
63712
63659
63688
63689
63718
63930
63877
63906
63907
63936
64103
64049
64078
64089
64090
64119
64121
64251
64197
64226
64255
64284
64286
64425
64399
64400
64429
64458
64524
64471
64500
64501
64503
64532
64753
64699
64728
64748
64777
64779
64927
64873
64902
64931
64960
65099
65073
65075
65076
65161
65107
65136
65138
65139
65141
65142
65363
65310
65339
65368
65378
65554
65501
65530
65531
65560
65562
65701
65638
65676
65687
65734
65873
65820
65849
65850
65879
65881
66029
65975
66004
66024
66035
66064
66065
66204
66151
66180
66209
66256
66395
66342
66371
66372
66548
66504
66533
66543
66545
66546
66548
66549
66688
66644
66673
66702
66896
66861
66890
66900
66902
67059
66997
67026
67036
67038
67213
67142
67171
67181
67192
67193
67323
67270
67299
67300
67329
67468
67424
67444
67454
67483
67613
67560
67589
67590
67592
67685
67632
67661
67662
67664
67693
67923
67869
67889
67918
67947
67949
68088
68034
68063
68092
68121
68123
68253
68199
68228
68230
68259
68444
68391
68420
68421
68450
68589
68536
68565
68566
68595
